4445 3813 7549 8267 10476 12688 13342 17690 20769 27590 35258 38534 47408 51598 55383 58135 67608 75425 83399 75058 82396 85830 91325 94525 98693 103031 103338 94684 97034 97725 101239 107119 110264 117897 125096 128879 133945 140408 140257 141341 150326 142063 142935 151544 159595 158926 168462 172485 176568 181045 180610 182985 182077 191798 194795 197493 189515 198340 198863 201877 203990 211112 218162 224937 230885 233643 231602 227440 227788 235777 238512 248374 247536 254148 254368 263830 261599 264357 268105 273975 
1096 1116 2434 10020 15187 15330 14785 20526 28147 34620 40146 42778 45126 49767 59594 59765 66683 70525 74262 74562 81678 83606 84173 90170 88491 94691 86076 92224 95511 97385 105366 113790 117936 125472 128938 133778 127913 132921 136972 145767 140957 141303 143154 149617 151734 157792 158524 166735 166852 171674 172991 177368 179183 185108 192472 186453 187628 191801 192491 201469 208939 210234 214033 222757 224167 229765 220581 223901 230969 240602 240592 245729 239476 246059 247967 257950 258431 262618 271971 281348 
9607 8501 2955 9039 10403 19386 24396 22111 29046 37597 37173 44344 48635 52469 55233 57317 59986 64642 73985 72804 67747 77075 81950 78664 84513 82996 85256 90374 96878 98717 107944 109203 118654 114232 121328 119867 124191 132706 138377 129822 135137 142708 144864 149189 150592 148679 155117 158932 167804 168543 173091 169207 174749 181656 180494 181653 187473 196548 199330 198284 207532 205900 210007 216945 215276 219916 219963 223600 223909 231253 238208 238554 238932 247976 256602 264068 263467 272133 278356 287586 
7206 10320 16782 10133 16283 21465 28823 33368 33543 34498 34599 36077 43854 50820 57830 64357 62889 61492 64988 65095 65544 73815 69524 72472 78657 79441 85378 93379 99483 106999 106102 109744 110454 112844 113419 114134 117223 124187 127967 128159 134108 141114 141829 145157 146309 146375 154419 156856 158591 158737 163555 169011 175462 176956 176174 180955 187754 188356 189860 196105 202655 204072 205415 207778 211563 217011 221556 230927 229329 234397 239010 243436 243173 248216 256089 264131 271836 272493 281749 283129 
3620 11644 12221 22218 23660 29147 29830 30988 37270 40808 36495 38586 44022 45754 55234 55940 56436 56537 62769 70144 66977 69283 69393 76165 79598 82319 90459 96392 103961 99727 101937 109269 115441 118977 120752 118178 119514 121304 123750 131140 139838 145561 145507 152261 148134 148415 148555 152537 157442 161602 163802 168843 171355 172843 175111 176286 183874 192195 197938 203417 203632 208889 213880 212846 215016 218112 219763 227669 227922 237172 243193 251984 255786 254867 258279 258624 263402 268554 273437 280942 
1074 6512 15520 15038 20435 25864 28516 31919 32689 41877 46125 41497 45858 54081 63668 56647 65961 62450 62543 64442 64770 67646 71250 71923 80499 86529 93062 91914 94445 95900 101173 107760 110825 112574 115797 116401 126326 128245 126573 135340 142379 145669 148883 150670 158574 153595 155692 162097 165893 164271 173021 175175 172931 178320 181866 184634 188038 192345 195329 199341 205970 207014 209888 216429 221241 219015 220419 229544 233082 241918 244666 247247 247707 256145 257683 263190 263858 267210 269888 276830 
4295 5242 10838 12359 15420 25288 31188 38317 41622 48281 52072 53681 49511 58958 66271 63085 63852 64566 62659 71217 64933 68860 77639 72081 77174 79621 85403 89370 91086 92017 99789 107953 103866 113110 115798 123237 123709 132571 137082 137670 144617 146394 149506 155514 151586 153492 159444 159758 164360 173354 179273 188487 180746 183434 188827 195636 193801 195473 197838 205315 200026 208997 209338 217877 218450 222935 226097 226812 229804 235074 240321 249581 249976 257450 258492 265654 269064 268442 272998 277755 
510 4066 9443 10849 16570 21516 24151 31998 34774 43067 50004 53066 53869 54156 57026 60406 59369 63801 63625 64843 74406 70766 77064 80298 86133 81183 87480 96315 98947 92256 98874 100196 102749 104962 110015 115461 119863 126363 131545 140130 146634 147787 153343 142909 148095 155249 161247 167755 172441 179568 176456 179469 178826 180407 181139 190703 191785 193638 199080 199396 199916 201653 205356 210677 215470 218246 219754 221401 230502 233001 239892 244228 251240 254569 257781 259223 269216 273204 277928 285461 
9444 7467 13358 20565 17798 24905 24260 27823 30523 36684 41723 46715 47226 55767 58933 54127 55421 58479 59785 60105 68986 74742 84068 80709 89359 96519 92975 101257 109285 101186 100102 107919 104848 111321 113586 119580 124027 125326 131317 131860 139734 142031 141905 142006 144099 147562 156751 163623 169741 170613 171621 173400 176205 185289 185187 187310 193187 193242 196317 198054 207513 206188 211809 214321 214429 220411 224191 226614 227954 234921 244864 250043 249786 257860 258192 265171 274303 282519 276338 281386 
3327 7357 14534 19906 28193 24515 27136 31921 33278 38110 40622 42740 44984 49391 51561 52060 59592 68221 64836 67792 68762 75686 79213 83907 89052 90358 92523 98463 100888 109798 105927 107836 114819 111667 118044 122348 131678 132529 137922 135569 138915 139885 140254 149991 149910 151989 161928 165621 174057 176179 173598 177128 178604 182589 190892 189802 195168 203044 205510 205350 206383 211443 220587 218219 215580 223209 228378 234373 228012 235631 243196 247404 246866 253145 256354 261262 270486 274298 272696 281236 
6882 8147 9922 13570 18260 19219 25056 29576 34970 36348 45833 44100 48118 48696 57870 54992 64882 68578 68694 70417 69940 79295 86276 85501 87419 95993 100117 106405 102435 108601 116489 108190 115122 119773 119054 126813 133718 134379 142068 147723 148207 143730 149859 158302 156245 162612 167091 173341 180606 185979 185935 179124 180878 186103 192764 193944 201968 207634 207722 216875 208223 211731 212924 217369 220017 223555 229798 234182 236755 240310 241511 244031 245153 250168 256281 264240 265923 262698 271371 273813 
7338 9170 13893 18216 18791 26832 32977 37853 37986 41716 48968 56045 57284 50946 53747 59872 67965 73703 72732 80225 78954 88448 86959 96075 92365 95067 100640 103561 113423 110063 111332 113742 117913 120622 128130 133054 140576 134994 137401 145601 149790 155282 158984 165655 161335 166538 170812 171522 178851 187914 188870 196104 184600 188853 193638 194832 199660 204377 208925 209865 210848 213423 217435 220307 221844 223871 226571 227807 228648 234408 236088 242348 244721 248572 250413 255381 256553 261732 268907 272416 
4420 5747 9307 11683 17943 20931 30468 29063 33892 42764 49953 49203 50995 58113 63709 69208 72056 81245 84598 80665 90243 87846 91696 92724 93838 101701 102671 104680 108655 113648 114400 123577 121340 120963 129375 131509 135543 144054 143822 146863 155875 158265 165554 165654 167009 174442 179998 178442 184298 186306 192851 201182 203481 193864 194477 202518 208915 210901 212787 218653 210910 218365 221447 225376 230547 227789 228647 235767 234756 238046 243087 245784 246162 251020 254594 256460 265191 269477 272651 273416 
356 8652 15440 12741 14018 18761 22611 24999 31078 37540 40355 45975 54470 59848 59923 64247 67688 77558 78671 78836 80380 81559 84393 84955 91131 93444 100280 109119 111641 121095 121915 125458 127385 127547 136307 131829 133621 141917 149815 152984 160225 164744 170558 168469 175345 176489 180803 183912 186484 192317 194403 203464 208957 203506 200190 209921 217202 218598 216582 217916 221097 224209 226992 236348 238423 236996 234277 240707 244969 246876 249591 251078 254029 253627 263048 257146 265795 274655 276075 279738 
9870 5557 7115 12078 20828 23515 29132 31255 39896 42748 46046 55634 62847 69573 64973 69590 70227 76328 78172 87872 88130 89673 89750 87956 96786 97882 98081 107626 116122 116165 118243 118570 127967 128073 134163 142344 142267 148331 155830 158604 158320 164593 168376 171948 179587 180834 187374 192446 196187 196886 202021 198234 199554 199559 201453 208224 215607 210426 206954 216660 217165 223233 230288 238656 239048 236376 235558 242981 245242 246176 255900 251697 261135 260803 267154 268794 265824 267042 268281 273066 
192 5405 13702 20877 20909 27875 32518 33141 39664 44343 53856 55337 58378 63733 73036 79470 73518 82220 84761 92579 98915 99783 100568 95845 102491 107926 104347 107106 111714 116166 116783 126189 133620 132443 130865 136467 141417 143227 151618 153154 153470 162184 162635 167817 173680 178790 184162 189116 191094 190697 192926 197789 200044 204189 207176 208765 199543 200927 202246 209786 208866 215296 221562 226447 226989 232691 233311 233952 237088 244438 245916 249071 251891 261000 267261 268383 272853 267056 275549 275161 
1046 5347 11429 11903 16877 24699 26801 31962 37134 44080 52154 61870 64584 71703 77291 77239 79456 80451 85839 90241 97893 104292 109946 105011 110592 112870 114198 116718 119636 119045 117014 122901 125556 126064 130421 135385 138939 144869 151105 158489 158084 158364 161457 171057 173167 181030 183661 184306 187658 185935 187246 194444 202005 203773 205166 198784 199005 199235 202175 203143 208426 214943 217089 218735 219604 229006 236074 242597 242640 241273 250963 253223 254817 264321 267260 274764 278927 275811 282019 285503 
4659 5395 10346 19690 18804 25075 33912 40673 39952 43940 51600 52382 57998 61741 67542 72224 81972 85077 84861 86694 91243 99381 103407 104182 108352 110784 114958 118699 123587 129126 122109 126136 125908 126719 129590 130740 140549 143268 152467 160971 157634 158174 160225 163744 171726 179093 177372 177680 179362 185867 187917 192753 197843 199222 194787 197353 199762 206111 205536 211765 213998 218250 220369 219176 226037 231996 232379 235308 235582 239508 247294 253417 261650 271571 269934 275274 276719 276922 281507 285344 
5759 3337 10781 18749 26491 28576 30167 35006 36711 37361 44422 46883 56113 65504 74877 74637 75850 76281 84082 89076 91456 94159 100320 107198 115529 113322 119415 110982 116047 121077 123916 124498 125512 133621 133115 132284 133853 142475 150419 150290 156410 157974 159813 165383 170616 171934 173660 171586 175273 179632 183474 191130 189494 188096 193982 200065 203555 206270 213474 207416 207596 210251 216042 214959 216260 223891 230745 235374 241006 244788 246219 248296 258013 264925 269181 277129 280934 276732 278380 282666 
1571 2999 11598 12828 20600 24821 33344 42393 40753 46087 51989 53619 62652 64756 69635 74537 78084 79439 83433 83928 92923 97120 99282 106949 112525 117327 108859 109707 114304 116015 123176 127987 132246 137969 142131 132539 141201 140657 146293 146995 154774 162096 164484 155532 160948 169191 163096 166329 170855 174031 175539 183582 181020 186232 192278 197266 194791 196349 202138 198298 199689 205492 206960 209105 213075 219376 227143 229502 237989 247760 255004 255033 255889 257494 266466 268868 271254 272245 273628 279591 
1822 6646 12603 19114 28982 28934 25860 35213 41441 44322 47288 54244 63368 66459 67969 64410 71750 72723 82119 82659 81991 86137 95672 98632 103679 103179 107080 109011 111749 119906 125121 131222 124310 131869 119531 126513 132018 134934 139829 141326 147485 154173 147542 146583 153443 159282 161304 169794 168850 176401 183344 173276 180300 182155 191603 192808 187400 191072 193882 194656 202279 206502 211352 215176 223050 224311 226226 235997 242687 246533 247050 247513 255137 259648 260262 266656 264790 270918 269103 277230 
8738 10496 20051 22162 26545 25472 25559 31815 38555 43844 51806 48780 54885 56885 58736 62809 71766 80788 80250 74757 77244 77547 87149 94718 91433 95596 102274 105418 114007 114666 116927 117136 114717 114413 112719 121146 125909 128881 131893 132512 140306 144399 141130 145480 152726 154868 162647 164646 164057 172794 168846 172395 174353 182590 184521 182876 186126 189582 195900 196319 197027 204741 210884 217774 221202 228055 235560 243552 243278 249727 256836 248925 257425 258147 263615 261021 259570 263509 267708 270243 
7047 11370 13304 18467 22633 23094 26638 29405 35959 36162 42260 44525 53603 55678 60322 66963 73987 73216 69467 69568 77134 79184 81159 86885 89805 95179 96713 102344 103845 105342 107692 105547 105572 105695 111507 111852 120025 129810 128198 129153 134756 136971 139551 144812 147577 150488 156467 156856 160763 163247 164479 170412 173321 176625 177763 179379 184493 193692 198764 205005 204272 210744 215504 221863 230255 235931 237997 247401 247186 255618 247943 247368 251828 259134 258684 258634 259462 262736 264448 267894 
3975 8540 16671 22471 26560 25400 34238 33797 42944 36173 40084 47202 56847 60672 62350 60144 61754 60228 68085 64732 72568 72079 79395 84731 91916 87036 88072 97761 95880 101617 100802 98613 101292 104533 112281 111868 114592 120033 126673 131757 140676 141920 140409 145378 145395 147498 153533 161576 168238 165428 165418 165833 167450 175950 184203 181534 189377 197351 205210 206956 213292 213937 213053 219952 223526 228788 234978 238056 241070 239579 242137 242761 251740 253883 256358 257668 261177 258007 266352 270331 
9248 10628 15556 18544 21071 25430 29919 39060 39557 48733 46857 54305 51889 60343 52486 54082 56323 57949 59333 62074 65723 71085 79876 84491 81272 80849 86174 92625 93549 96877 97399 97489 102302 112039 121596 112988 115376 116759 120780 122389 131595 136302 141502 148609 153499 151831 161691 166589 167813 174772 174894 167710 171995 179767 186035 186656 191571 200920 205556 199055 208638 206309 210436 211216 219447 219219 225329 224171 231674 234057 236034 240904 247669 249521 257150 249763 253755 257397 258413 262716 
5093 5231 9870 16479 17625 23190 23285 30806 39883 42155 43129 47517 49982 50848 51570 56568 59890 60996 60254 62990 70845 71018 73083 77321 78369 78374 85221 94769 102181 106071 103341 102266 110176 116385 119146 126399 117892 118314 120147 123331 132784 138567 145464 152763 155778 153457 155328 163383 160308 167503 161407 169108 171616 179180 185025 188693 190997 196393 195394 198349 199437 203238 209441 211189 214926 216202 216215 220335 228050 236602 236607 239528 239634 247142 247446 248726 255866 258433 267548 267982 
6237 9838 17365 25526 18147 25518 28168 30708 36575 42941 46105 47501 47922 48198 51559 52086 58723 63584 64318 70512 76320 80389 78381 79366 83465 83821 91576 95098 97352 105881 105243 103953 105650 107414 112867 119952 120912 121852 120886 122986 128786 129514 139251 141456 147149 147268 155416 154754 152324 159864 159870 167643 173500 180323 177801 183670 192156 186385 192201 201827 206888 207137 212032 214586 219294 223122 218094 220221 223105 228583 233560 242576 245799 252091 250508 254397 260365 258511 263130 267893 
9905 17032 26422 26381 29143 27001 36047 40413 38727 39758 40804 45931 53307 54726 54807 57027 58205 66094 69349 73835 79193 88595 94845 89026 85487 86361 88200 89983 90292 99322 101165 102010 110408 108847 115965 116035 124106 126194 126495 131852 135508 133813 133823 135752 141649 145837 146437 148326 151651 154136 160609 165083 171238 172805 177651 181499 183418 185701 188330 192682 200457 201558 203772 213757 213972 222242 231992 222961 231322 235686 239490 248154 257844 260393 264420 256523 258600 259972 261852 271402 
5825 14342 18791 14016 22220 23280 26883 33908 34260 42594 42801 46493 53926 63027 65268 67246 67620 71546 73308 76816 83673 92886 97795 97888 97361 87215 92599 90669 95270 96162 104813 105251 107994 111795 115608 124196 130807 131298 137088 141851 141771 146645 140326 135866 144209 150053 155083 157020 151716 152507 158486 161173 163794 165813 173910 175333 178977 188741 193251 195948 199610 205171 206248 214519 222110 226193 227361 230701 232699 242573 243549 250001 252335 254066 256777 260708 268167 264115 269685 278572 
6223 8322 11022 11611 16327 24660 26022 31029 33782 36630 41071 49468 54997 62490 67241 77196 79277 76442 81792 83787 86829 87077 90988 93476 98406 100673 99782 98740 95817 102626 109043 111444 109950 117138 116185 123711 125914 126882 135046 135525 144224 152139 152646 146833 148841 150438 157972 161576 157703 155787 161848 170966 173032 174160 174478 184123 181047 186245 192727 197727 203926 205948 207338 214851 216174 220046 226216 230028 234174 236910 236977 240128 245676 248457 258136 265700 270743 279330 273841 276278 
5826 7164 13888 12358 21666 25523 28643 34685 32291 33933 41103 42048 47805 54299 62166 64814 72705 78436 73725 83483 90604 91715 94608 101810 101843 100395 106857 107462 106397 104603 114158 120481 119163 119552 122663 126928 128341 135860 143134 144366 153432 161740 158456 167854 160331 159576 162148 167451 169406 164255 168607 174285 181934 183167 180150 181493 189690 189399 192999 193686 194714 199293 201377 210844 215336 222598 229894 236432 239845 242610 238321 238192 245524 252414 260499 258419 266022 273422 271008 268616 
1861 3474 8353 10237 17571 18537 20537 28026 30149 34436 35908 39171 43897 53100 54140 58243 62426 67352 67682 76935 80997 84342 83947 93907 93819 95139 98334 107962 108992 112466 117445 119641 126034 124376 131343 135615 137079 144471 153875 154060 156774 163240 171942 168119 175765 178134 171738 175289 179237 179265 171626 174350 175054 178245 186568 191016 192692 193396 198063 197646 202923 201320 204078 212471 214593 219234 226704 224305 228462 235476 236244 236687 242177 249683 251535 253540 262390 260548 263608 267770 
4052 10161 13058 17497 24142 25252 24243 29747 38419 35990 36724 44911 52100 52305 53176 54985 56351 61303 70597 75007 77429 76229 82312 90186 93242 98460 103776 108451 112757 111146 112741 113167 121739 125902 135073 138249 139197 146851 156195 159177 158910 164490 172461 174829 174905 177779 178659 180693 189792 187370 182536 180161 178808 185341 192777 202471 203978 200811 200624 201577 203937 208131 206475 207522 209718 216545 217120 217904 220579 229400 234611 240382 245735 252434 253669 256745 253360 254772 259121 263501 
4629 6863 13103 21235 26464 23861 30250 30961 31227 33137 35588 44372 47162 48289 55221 56432 65337 63795 69271 69668 70557 73584 81225 86308 92084 96106 96291 99655 105356 107798 110638 114798 124323 129151 135753 138367 145814 149525 154030 161775 168861 171004 174173 176778 182658 184737 185929 187629 190635 199603 190468 190673 188567 188989 192414 202277 207326 212687 211663 201874 209454 216908 218444 214209 218401 223686 217426 226995 222963 224463 227809 232410 239739 246852 246441 244159 250473 254974 259948 262777 
8316 6936 8961 15845 18872 20680 26394 34018 39107 41665 39793 48479 54749 51519 52658 59931 66094 73080 73185 78977 72021 81380 85699 92794 94296 101598 98874 108336 112888 114365 112244 116680 125661 131273 138069 142454 147530 149537 155609 159287 167618 165967 169266 178111 182894 191507 195578 194097 196663 198839 202829 194942 198690 191755 201208 201746 208491 217601 218527 215085 209927 215897 224625 231697 231954 226946 225309 230448 239241 230959 233871 235748 236212 237812 240344 241432 249664 257403 265677 266650 
2341 2864 9960 18357 23888 25954 35798 34262 39255 41535 49224 52504 56700 62222 60562 65979 68602 77860 74187 82233 85414 89467 93099 94711 103051 108725 112647 114061 118925 118547 121284 117192 126356 136193 145987 150823 151715 151025 158235 158993 160009 164629 174064 176542 184307 192342 193039 199716 200257 202258 202190 207750 202585 208386 202393 206473 212498 218232 225897 224722 215696 224165 230913 237372 237096 241293 236909 232826 233288 241043 240136 246899 245089 241758 243072 250225 249908 256231 264897 269168 
6430 5270 14264 14320 15587 19413 28856 35935 43514 46767 53458 56684 63402 67920 72064 73638 69194 71821 72038 72772 78966 87122 96240 93114 95754 103823 107950 111235 111929 115126 118503 122646 127448 130772 138906 145859 152102 149838 153180 157469 164534 167968 170074 177206 183008 189909 194627 193212 193545 195270 196337 200088 200532 206035 212820 215057 218863 223035 223233 229499 233037 225635 232025 233631 236535 244090 253924 247954 235321 237044 242211 243877 252423 257187 244959 249434 255885 263832 266085 268964 
2810 5852 13611 15352 17627 20236 27912 36552 40669 42627 50127 58175 59932 63886 73156 75127 79026 74733 72698 78209 81762 82774 88531 93056 97762 102960 106547 112322 119655 123084 124750 130237 127619 132011 138712 143728 143955 146240 149596 157078 167034 174382 172673 181617 178527 181989 185130 185681 190224 197431 203506 207884 201779 206057 212973 221149 224891 232051 225543 226888 235580 237174 236593 235401 243720 247305 252225 256115 254915 244387 247596 253649 260370 269156 259716 258700 259339 262146 263023 265683 
6206 14104 19539 21189 21804 24569 24776 32710 38291 47817 54505 56003 64414 66870 72068 77202 79666 85712 83907 86883 85638 83373 88700 89526 91678 95762 98195 107522 109693 114312 117040 120648 124497 128358 131856 141799 143206 147197 154388 163498 169164 168199 169179 172088 178032 180389 181486 186481 195838 199161 201306 208579 215069 210919 215663 221616 228248 229302 229595 236327 242527 238857 239553 247072 245253 247097 253538 253968 255967 262030 259203 264386 269653 272076 277478 275781 262510 265743 267047 272348 
3847 10203 18744 25969 26954 29083 29975 30444 35894 43402 45599 54130 57976 64323 70664 73940 77261 76407 77728 85336 90351 89599 97191 96494 98496 96559 96715 99290 99996 109512 114856 120313 129523 133409 139955 137110 147061 154724 159935 163572 158504 159765 164475 165543 174296 179095 180323 182944 186219 192407 197106 198897 208415 217116 221595 225870 231881 235964 225226 228182 233672 236602 243289 247762 251917 243633 253070 256239 264563 259397 264868 273777 274354 272696 277090 280298 284893 271620 276684 275768 
5458 13631 16769 20059 22893 27785 31102 34695 44394 46998 42280 44215 49692 56340 65954 67250 75416 73930 83048 84410 84397 92024 92948 90856 99416 101200 104525 105940 107351 110290 115263 122157 126090 129874 133074 135493 144727 149474 151682 153889 155834 158733 160140 166285 174308 177792 183480 190630 188956 192784 196488 205492 210682 220422 228817 227759 221661 220771 222293 224000 226049 233147 238633 239384 242146 242979 244428 253917 256490 257570 261737 265193 272002 274468 274695 281820 284579 290829 285009 286829 
3266 10291 20047 17058 18323 27439 35162 32190 33532 39025 39728 48416 48768 57941 57567 59817 65824 72955 77401 73427 77075 83776 84082 87394 95749 100234 104421 109609 118355 118049 118791 120968 126211 134590 136912 142726 147333 156520 158898 156079 162801 161653 166222 174132 179486 181401 190359 197308 201098 193278 202031 210738 212205 216631 212024 215656 209574 216345 224457 217387 222436 223260 231677 236937 239667 245369 246941 256216 260495 260337 269021 266358 276261 275330 273534 283216 292179 296834 298936 299621 
1998 10729 11665 13144 18403 24726 22311 18982 26727 33863 37636 41446 42176 50431 53136 55789 65579 72375 68257 68612 77956 79633 83323 85351 95030 103132 103706 108024 114505 123680 127000 129030 129078 138735 145981 145609 149529 156959 160904 168543 166760 169113 170260 175255 180105 182972 190923 200590 200309 209815 211919 211519 215950 204686 208481 208571 208927 210410 214610 216741 223710 229191 229677 236557 240961 242045 247214 252124 258691 267026 263889 264846 267460 270812 273479 277992 284464 291935 297655 299271 
8878 10491 12207 13075 14981 17662 18226 18891 24886 27360 34856 38288 47779 56866 61986 64076 64745 65568 65915 72109 74373 76965 84836 92452 100960 105787 103783 106459 111119 116000 123572 127383 136415 136854 141238 142167 148830 152771 156269 165332 165994 174881 178664 183789 183216 184417 186499 194097 197632 198948 204977 207011 199970 202984 208047 208717 214178 216041 217977 226537 232185 237549 234750 236315 241323 246618 251075 252349 257137 258865 259203 259803 268218 276753 282830 285742 291351 297196 298937 299062 
3637 10126 19760 22539 24036 20075 26050 28408 32418 30937 37987 44173 51153 60518 70300 70464 65615 68065 74413 74327 77084 82385 88853 89439 92759 101989 103023 104416 114302 116089 123200 119409 127873 135915 142660 133030 140751 142998 150713 160183 162702 166118 174491 171660 180897 182963 186227 191227 191906 192261 195330 199403 199897 202205 207717 212051 221489 228595 228045 237547 236181 238130 244724 242387 245593 254751 258991 258101 263931 268256 265504 265645 268930 271071 274969 282996 287306 296127 303206 300369 
8497 15178 19910 27061 34121 31653 36929 42724 36773 41009 46710 47380 57176 66462 71375 70610 75728 75762 85097 77440 80759 83356 88500 92445 97535 105919 103210 107312 108572 111017 113809 118062 126451 135741 129190 130955 132476 139397 147983 152351 153916 159643 167498 169501 174335 184232 190143 198773 196976 193591 201283 206960 207877 208233 213522 221141 229406 232425 236227 236925 246074 243878 245843 255501 251074 257068 257905 261626 262404 262676 268419 269697 274628 279807 277564 284039 289381 295977 297126 304046 
8188 16197 25743 31557 32905 34879 44725 50678 50429 45644 46951 55076 62118 63309 69468 71798 72441 77045 84944 91792 81486 89553 90562 93762 101057 102914 112419 114248 108956 111149 113339 113640 122175 127678 129140 136520 137590 142414 151247 153010 157984 166695 175957 176199 178334 180979 187916 195663 194617 197407 200963 208906 211791 214913 223143 228059 228477 231376 236524 240223 249244 258745 246440 250524 250699 252320 252321 253400 259467 265279 269605 279519 282028 280279 279218 285946 295030 296894 302757 298326 
9935 18728 23422 14591 24133 32379 40816 38465 45621 50708 53037 60112 60431 61765 69697 73280 79608 81223 82949 90669 91364 97830 99502 100121 106033 104633 107413 115942 115871 113162 117660 121712 122841 132839 130287 139091 148496 148669 150288 152453 159944 159945 168827 176205 179542 180045 185803 189912 193489 194474 197674 205289 213347 218379 219459 225869 232742 236872 237990 240402 250287 249595 254001 254129 259469 256681 258526 262593 261004 270963 267520 273386 273200 274885 274985 279905 286673 292923 296125 292728 
3466 13320 11688 12766 19988 28876 29755 32915 36493 41033 47886 56576 58704 65055 72133 70862 77783 87475 83806 87113 92111 93695 98720 102651 112068 110293 113712 113725 114512 116611 125742 135226 123737 132337 133980 142399 149647 152307 152897 161032 160035 166608 172114 179789 179637 185802 190088 191884 201529 198279 199337 200793 209646 215351 225240 231693 232800 233183 237227 240196 243539 243691 251496 256476 264677 260622 261214 265088 259161 263235 264802 263161 263634 273310 268563 275929 274944 283104 286320 290719 
1005 5517 10703 14656 16820 20192 24289 27536 36233 39255 49151 51105 54976 61767 64986 67728 72358 79325 85373 84192 90326 91523 92937 101860 110647 108908 114567 118744 122280 121758 129762 135456 131509 139969 141968 143078 147070 155054 164882 167992 167374 174968 172535 176258 177690 182520 187142 190038 195047 197261 203744 207639 210759 211312 217513 224116 233212 240204 234409 238384 241879 244991 246291 248869 248630 252843 251894 248563 251722 251670 259226 256907 264737 262402 264103 266249 271338 278417 278936 285287 
7280 14103 14964 17288 24037 23333 33327 36565 39437 37778 40062 46345 52516 55240 63300 64302 70473 69860 77544 78201 87654 93200 87885 94728 99667 103987 105715 115396 114697 118280 123809 123092 126447 130344 138068 142325 149814 158291 160156 161270 163218 170110 177525 173174 176846 179586 180207 181943 185988 195520 203221 206892 208103 209725 212901 217425 222777 222100 227738 232441 229589 235052 238583 241404 239926 241824 243884 245322 248321 249315 250165 254296 256912 258461 261926 267872 268562 277835 284789 292780 
9517 8612 11861 14457 22193 24335 25657 26625 33975 35589 36057 39403 42668 49890 55976 57637 62954 65536 73495 78180 80987 83904 84941 90639 92168 96140 104856 107490 108515 110906 119527 119276 127277 132011 131124 137856 145948 146859 155800 156097 161755 168854 168922 169021 170953 175396 180152 184804 193631 192563 200418 200932 205366 209078 212581 210712 212327 213267 221267 219856 220752 230169 235234 235022 235515 233266 240448 249876 249663 258335 257764 255688 263992 260531 269669 275087 270570 280507 281613 288723 
7444 7072 16760 15089 16660 23480 32223 30963 31300 34666 37739 39685 47904 48008 52218 59204 59453 64514 73207 81167 85292 84752 93609 92562 97865 98866 103317 102658 100976 107494 114188 118533 122260 130216 126158 130112 138764 143188 152575 150335 158693 160837 166141 171335 179603 183555 181062 182165 184303 190982 192967 196620 199390 201823 206101 206716 209579 211294 211536 215326 217962 224960 228048 229719 231958 232915 238326 242921 249203 252084 262058 261557 262432 270006 272656 277243 280242 287008 291498 291688 
3287 6303 9922 16740 25733 26557 31980 30654 33554 35569 43680 43558 44872 49061 50907 55306 62347 69930 72357 75221 78746 83748 85817 86565 88513 94528 97212 97650 98420 106787 108450 116337 124096 125981 126138 133908 138428 143306 147163 148300 151825 154875 161151 166720 174369 175273 179806 187649 184711 189967 196772 198682 202924 205423 212654 209104 214744 220390 212494 215552 216136 222035 230185 230900 240516 234013 242175 248994 257165 253603 254743 262408 271209 271703 273002 282194 281095 291050 286791 294105 
1772 4735 12313 15854 18949 20437 27463 30097 36112 40202 44572 47334 46522 48696 49605 57763 60685 69152 73350 77630 86722 92604 94652 92022 91303 99877 106954 102704 107967 110943 116390 124463 132438 133321 134978 140482 141975 143452 146466 153264 158959 155310 164794 174653 175135 175139 176641 180774 182512 184319 189144 187140 193483 203184 207459 214703 220022 226716 226859 219019 219370 225688 227475 233066 233485 240078 248052 256538 266399 265065 261501 261695 264756 269071 271934 276599 280388 282589 284081 288497 
126 9053 15661 21343 27935 27304 29019 35095 38254 39042 42182 46926 47756 57009 55417 60438 68054 74540 72061 81651 82752 91764 101585 108241 102669 103963 105032 112523 115239 113702 116144 120465 122614 130256 136364 136614 142700 145867 144749 154277 160813 162079 161511 170707 170749 176045 177622 179352 183389 180363 186478 186677 193003 195186 198953 204881 210467 218028 218691 227340 231941 226637 232550 241710 235355 241119 251006 255483 262186 263599 268594 267189 271887 271263 280232 283737 284385 291286 284727 285755 
8074 9805 18050 18674 23275 31981 29174 38065 36473 39025 47233 55378 50710 53834 57303 61549 64901 66006 70515 79192 89093 93509 101700 110983 106740 112982 107984 116865 123204 117648 120724 128693 132073 138867 140863 137793 142781 144175 144725 147061 153150 160022 160291 167504 169352 170269 176941 177252 177908 179386 185922 189087 193830 198820 199996 206207 213414 218698 228421 228662 228390 233376 237492 246137 247278 250548 251987 254162 260711 263769 270282 271856 278844 282412 283638 288883 293165 300222 299017 292162 
7845 12495 12331 18991 19281 25229 28636 30224 36164 39512 45378 50399 55025 57813 60599 68188 69755 68004 73631 77557 85903 92415 100194 94045 101115 105862 110044 112902 115668 120274 126543 130650 139632 148200 152419 146286 148385 144277 147033 147760 153647 156213 164135 164179 170165 170786 171988 172362 179350 183480 187107 193851 203273 203388 201394 210073 210470 214398 223557 223924 226841 232968 238756 242060 250189 251100 253769 255232 264981 264033 268511 277451 275244 282553 285015 285132 289824 297548 296057 298369 
4164 7801 9801 10742 19645 19684 23127 30299 31330 35017 39918 48000 52945 57460 64664 73974 82391 81288 83571 77316 79104 88349 90586 92127 97797 104335 110382 115935 125475 128375 128468 137182 137627 145959 153268 160098 157676 154223 154339 150470 153504 155342 163311 169629 177541 173370 174068 179799 186055 185734 193162 193982 194764 204625 211721 212672 214101 222164 227404 230590 227235 231800 239665 244560 254450 257128 259886 259956 269112 269718 273063 273665 274135 280326 285253 290519 290708 293854 295832 298832 
4258 11138 11497 14324 20117 24607 25246 26401 35457 44715 46521 47776 49586 59513 69018 72989 79555 76929 72164 77098 85174 94236 97327 98290 105196 108873 111210 116810 119729 128741 137200 138490 143699 142709 152015 160476 166299 170655 168894 165841 159511 164598 170010 176800 181030 187127 184170 189344 191037 189980 190458 198232 196371 198688 204125 208830 216716 221476 228236 235507 234065 234797 237885 245560 251768 254869 261690 268530 265955 275588 279110 275732 282681 284875 286966 294154 297008 302453 302590 304061 
7854 13097 21989 17943 26755 32087 28928 27942 33935 38535 43295 43638 44072 51983 59409 66823 72071 66376 67179 75139 82702 87610 93895 100186 100922 104311 113650 116086 124787 132105 134181 137827 138419 141484 149066 151658 160413 166481 175078 177060 177630 170661 173561 179797 183836 190405 193442 197846 201575 193408 198273 200723 207111 204566 207208 213986 220625 224214 229224 237537 240118 243679 243754 252156 258576 257820 260141 265336 265833 268023 274210 275552 276868 281321 289061 293215 296174 297955 299437 307693 
7178 9224 13643 14387 22699 28055 34661 39308 34254 37216 42878 42925 49232 57894 57962 62775 63342 66054 75985 76138 77601 85693 89647 94580 101236 101328 107174 111954 118210 124571 128894 138879 139650 141825 149003 152037 161781 167936 177101 184847 177695 183751 181421 189441 192777 196885 202885 207467 209688 202436 208202 203116 208744 215735 208847 216914 222781 229401 233002 241428 243112 246234 249358 255693 259611 268508 262796 272466 266467 267555 269131 278066 284123 281795 289961 291661 298262 296209 299793 303635 
6957 10068 10094 17624 24767 26062 27806 33863 36872 38726 46824 48330 50564 55438 64885 65395 72645 66081 73491 74460 74500 77466 83114 90710 99347 103585 106728 110407 117594 118284 128264 135349 143063 151198 154635 159563 166270 170221 175825 169713 170831 174433 179804 185833 188872 193305 198160 202311 203760 207136 215145 217794 215771 220337 219880 225995 226826 235250 242531 247730 245345 248050 252316 255548 257812 264573 264936 267587 270970 275325 275861 283717 286169 290152 283634 284244 288715 293323 294233 300474 
4417 11173 11107 19904 20562 29371 32838 41541 44413 39572 42929 45849 55666 57183 67163 74756 79365 75759 74270 77488 80733 83034 87330 89619 92273 100171 105192 114653 120246 126498 135671 139552 141823 149803 152786 156775 163269 162623 163721 165497 168685 177999 179719 186242 189175 189796 198481 203964 212746 213299 216743 224627 222267 220528 224520 227348 229498 235569 236093 238988 244456 252519 253526 256874 265945 267364 263541 272558 268618 270655 275780 273781 278829 280473 281476 291341 298047 295468 296177 298390 
9284 13087 17106 19033 25739 30083 37466 40555 50445 47269 48157 47073 50231 57198 65778 74768 83651 79102 76614 84920 85752 90732 92969 99138 99457 105102 112375 115634 123711 132316 132827 135923 145547 149185 150128 150823 153277 154224 160253 163727 173665 177192 182888 187648 195372 197534 193751 200193 201975 208820 210957 215088 214386 221981 224481 229296 232956 242086 244673 246004 252687 255896 262098 254412 258481 262502 258699 263894 261691 264469 265965 270171 276527 284961 289967 293008 301239 303382 302987 299405 
3787 11359 12475 19278 22452 29296 30958 35596 41096 43432 49978 48659 57516 57936 62598 68272 71664 69652 77491 86109 86395 89043 94385 96679 99884 104430 104606 113311 117052 123186 131510 137044 140162 141326 148358 150155 159597 159763 165347 168546 174420 180227 186797 186571 189625 189145 190903 194689 196208 202449 202634 211032 211527 214897 224030 227081 231630 236399 236601 241224 242122 251427 248192 250968 258154 257524 253797 257740 261064 267555 270898 270324 280062 284685 285597 289192 296963 304902 306121 308407 
2650 6533 10687 16496 16811 24567 28997 28110 31887 33518 39979 47209 53226 58977 59115 59703 64985 67427 76537 85572 91921 90978 92548 98670 102862 107036 108136 110069 114255 118675 123284 129023 133158 136049 142357 143518 152327 160946 160541 162545 167404 174020 178208 179700 180114 188162 190290 197062 204675 210120 211702 213258 219106 221319 228375 228322 224453 226284 229290 231486 238806 242044 245534 248636 248673 249966 253178 257945 262986 271759 272794 274081 280255 287534 292651 292027 299080 308168 305373 312013 
3101 4158 11215 15041 21118 22143 25098 26322 27436 34165 40067 44765 50631 54385 63808 59893 64310 70996 72422 79363 87434 88292 93277 102287 108409 113633 111927 111643 115156 116840 123926 129431 132675 133086 142724 146874 147781 156916 157745 158726 160433 165792 172944 179200 174858 183989 187962 195121 196461 203416 210930 214970 217943 221821 217483 220280 220019 224012 228465 236485 240189 240294 239368 248047 251008 253513 256552 260062 261191 264759 267000 269625 278763 284737 292943 300612 302726 295883 304583 307577 
4865 13854 19114 23279 21900 24995 30425 25357 29858 37138 38662 40766 44392 47182 56614 58089 64401 72678 72107 74325 80131 86336 95088 95709 103180 109566 110305 119067 123479 124960 125051 129677 138460 132932 140236 146217 154012 153824 150201 158488 158733 163004 164163 169449 174853 181778 190384 199588 203822 205831 206391 206977 210979 213623 215550 218374 219142 223551 226493 229838 230840 231648 236589 242856 250835 255975 264618 267615 270629 272079 271938 272291 276900 279678 287836 291300 290183 294050 295916 303097 
171 3942 11076 20003 22565 18900 22226 24230 27319 35172 36550 38279 43056 45762 55340 56700 62393 65429 67280 74528 76931 79204 87740 94241 103457 104070 113741 119987 118609 119109 119882 120599 129402 129562 130676 138230 144540 140341 144854 149176 157675 162208 164817 169043 177753 184380 185024 194690 200950 205820 211564 214362 217521 219826 223253 224504 228086 229140 228755 235558 237221 239062 243477 247979 255299 264691 269754 271047 271219 280194 284067 279693 277961 280221 283420 284570 286435 291821 301520 308021 
3744 12198 14306 16868 14064 15987 19988 26852 34706 40225 39041 44336 51850 55407 57116 62414 72179 74710 74818 81444 80146 79599 82100 91718 96553 104543 110043 107587 110890 112684 120993 127775 129981 130929 132514 132750 137343 139588 148581 152598 152608 160823 167744 172950 176973 182905 189902 197703 197965 205605 208712 216987 221894 229716 229954 232606 236492 233452 232421 237963 237749 246411 251239 255604 255459 253529 260693 264267 270897 280190 279127 279395 288866 281344 283461 288023 287565 296651 300768 307466 
2810 5090 7421 8591 13145 17216 25603 26818 29092 38940 45678 46702 53983 62788 57622 58920 67238 75072 84498 90172 89049 88485 83409 92237 92540 95697 100335 104774 113949 114605 119300 127016 128312 129327 131099 137012 138139 140091 142041 150946 155010 164900 162895 172181 180126 184067 188927 193840 197545 204091 209278 214915 216956 225902 226268 230897 230320 222672 223289 228437 235661 242909 243205 249374 249749 251405 259398 262214 265931 270210 274885 276494 279811 279853 286054 289154 292297 292460 301990 306521 
7096 11160 8430 13418 16683 22484 29633 29881 31416 34328 42239 49241 53579 61459 63940 66288 69804 71820 79376 81569 82957 86822 94947 96874 96636 103811 101085 104229 106167 113169 122512 125426 126818 131038 134493 141462 147786 141412 150460 152456 154096 160722 162510 162824 172402 179032 181845 188471 193452 203360 210384 213924 217125 220646 220483 223290 219722 221645 222240 232041 233569 241935 250019 258748 250790 259597 264878 256188 265619 267780 268907 275359 278432 285721 292506 291243 292184 298494 301348 310603 
8830 11975 14935 23033 25176 28545 31997 34915 38686 43606 44536 47921 54486 61552 68868 74550 69911 77557 82023 81637 83589 93192 101807 97068 104259 101626 108459 106789 106860 116593 120761 121331 130458 139995 136418 144705 150213 153404 158912 161251 160309 168303 164930 167032 167556 173471 182073 190403 193054 201601 207757 209569 211055 207212 210183 217705 217766 223504 223368 225487 230178 239889 245748 250752 256592 255311 253614 254296 258422 259463 259891 266138 269858 275740 283266 285848 290175 297900 301403 304034 
2738 12061 12782 20216 21669 27963 30920 34706 40428 45663 54348 52307 55373 64430 71290 71789 77104 80149 85343 89202 86383 95487 96428 97014 100080 100835 105012 113831 114522 119831 122633 125228 129656 137444 140802 147070 149533 156857 157682 164993 168753 174367 176793 178810 172438 173022 174387 184126 193457 199240 200161 203180 197918 199221 200776 207901 216213 216638 225574 228720 236444 237030 237433 244873 246657 248411 253132 254701 255353 259246 263820 269512 279242 280553 290397 294139 299374 305001 304794 312800 
6044 8972 18304 21632 30220 28410 32240 33416 36939 39369 47734 53870 59312 68361 67344 75919 81124 87279 86293 80452 83246 92060 97827 100726 107776 100913 107483 108039 113122 114548 119050 122386 131904 134196 136081 139821 142974 152322 161653 167541 166433 171840 175878 177034 181196 173853 174368 176980 186727 188573 190320 194266 194300 199200 201758 210029 211509 221179 220812 227589 229183 235550 241809 250125 250472 250100 256940 264138 259714 260068 269687 272577 272660 279004 286490 291171 296256 300685 299022 303886 
8478 13255 18554 18267 25743 30706 37441 32653 35259 36664 41791 49060 56853 61591 60091 69259 69320 78248 79013 79746 81022 88699 94957 96485 106043 109372 107785 116686 114544 122821 125390 123031 132156 141025 140350 135873 144014 145830 155465 159490 163674 166767 166850 169194 171941 181293 182334 178186 179312 181138 181356 189295 192252 194981 195791 204543 209790 213964 218002 226886 234785 244352 242110 247375 253127 259685 261321 262990 266096 268806 275034 279125 273414 275961 280201 282514 288028 291050 292090 301828 
2265 10457 12220 13589 22058 30847 29505 28187 29399 36089 41346 50264 54445 59486 59864 63903 66324 74879 83063 89323 82454 89593 97671 101937 111565 111285 113835 121325 123267 131380 130172 126116 126594 132434 134398 135732 142607 151277 161177 160229 161743 170435 167372 176688 178896 180241 188373 185817 182505 190911 185279 189456 191639 192875 199622 206197 211071 217074 223483 231670 232415 241191 250631 254918 262952 259359 266740 271137 273332 278517 282598 287532 280097 283952 286595 282905 290564 298020 297218 302512 
2132 11124 19284 19371 19267 20871 23081 27945 28497 34128 41674 46390 46681 52272 60164 66547 70694 76686 81265 83386 92001 90738 100129 100642 101306 103706 113143 115597 123493 130960 133888 138653 129893 133918 141376 140435 147641 153999 154791 160991 161716 165991 170127 177517 183501 184743 192672 195735 197186 196878 194953 193024 191715 201078 206565 208445 217522 226805 229696 235513 239144 243334 246426 253336 254095 256777 265157 266411 276015 279026 288317 293646 297203 297834 293085 293508 294329 299963 301076 306865 
5304 10803 11367 14168 14847 17500 19283 22891 30250 38047 41331 42127 45349 45786 52971 59106 67677 70455 77943 83689 84367 90507 91368 99118 99921 109780 119698 118022 121756 124454 133459 138323 148141 140661 143136 143268 152754 156579 160263 161182 161474 165885 173098 180797 187232 196251 199441 199145 199947 202071 198342 206835 202587 209636 215082 217590 226355 228782 231020 236429 241386 249889 249597 257219 259874 262922 265339 271212 276775 282468 292042 301533 303470 310854 305136 306449 302705 302714 304482 312463 
262716
